0000000001
0000000002
0000000003
0000000004
0000000005
0000000006
0000000007
0000000008
0000000009
0000000010
0000000011
0000000012
0000000013
0000000014
0000000015
0000000016
0000000017
0000000018
0000000019
0000000020
0000000021
0000000022
0000000023
0000000024
0000000025
0000000026
0000000027
0000000028
0000000029
0000000030
0000000031
0000000032
0000000033
0000000034
0000000035
0000000036
0000000037
0000000038
0000000039
0000000040
0000000041
0000000042
0000000043
0000000044
0000000045
0000000046
0000000047
0000000048
0000000049
0000000050
