0000000001
0000000002
0000000003
0000000004
0000000005
0000000006
0000000007
0000000008
0000000009
0000000010
0000000011
0000000012
0000000013
0000000014
0000000015
0000000016
0000000017
0000000018
0000000019
0000000020
0000000021
0000000022
0000000023
0000000024
0000000025
0000000026
0000000027
0000000028
0000000029
0000000030
0000000031
0000000032
0000000033
0000000034
0000000035
0000000036
0000000037
0000000038
0000000039
0000000040
0000000041
0000000042
0000000043
0000000044
0000000045
0000000046
0000000047
0000000048
0000000049
0000000050
0000000051
0000000052
0000000053
0000000054
0000000055
0000000056
0000000057
0000000058
0000000059
0000000060
0000000061
0000000062
0000000063
0000000064
0000000065
0000000066
0000000067
0000000068
0000000069
0000000070
0000000071
0000000072
0000000073
0000000074
0000000075
0000000076
0000000077
0000000078
0000000079
0000000080
0000000081
0000000082
0000000083
0000000084
0000000085
0000000086
0000000087
0000000088
0000000089
0000000090
0000000091
0000000092
0000000093
0000000094
0000000095
0000000096
0000000097
0000000098
0000000099
0000000100
0000000101
0000000102
0000000103
0000000104
0000000105
0000000106
0000000107
0000000108
0000000109
0000000110
0000000111
0000000112
0000000113
0000000114
0000000115
0000000116
0000000117
0000000118
0000000119
0000000120
0000000121
0000000122
0000000123
0000000124
0000000125
0000000126
0000000127
0000000128
0000000129
0000000130
0000000131
0000000132
0000000133
0000000134
0000000135
0000000136
0000000137
0000000138
0000000139
0000000140
0000000141
0000000142
0000000143
0000000144
0000000145
0000000146
0000000147
0000000148
0000000149
0000000150
0000000151
0000000152
0000000153
0000000154
0000000155
0000000156
0000000157
0000000158
0000000159
0000000160
0000000161
0000000162
0000000163
0000000164
0000000165
0000000166
0000000167
0000000168
0000000169
0000000170
0000000171
0000000172
0000000173
0000000174
0000000175
0000000176
0000000177
0000000178
0000000179
0000000180
0000000181
0000000182
0000000183
0000000184
0000000185
0000000186
0000000187
0000000188
0000000189
0000000190
0000000191
0000000192
0000000193
0000000194
0000000195
0000000196
0000000197
0000000198
0000000199
0000000200
0000000201
0000000202
0000000203
0000000204
0000000205
0000000206
0000000207
0000000208
0000000209
0000000210
0000000211
0000000212
0000000213
0000000214
0000000215
0000000216
0000000217
0000000218
0000000219
0000000220
0000000221
0000000222
0000000223
0000000224
0000000225
0000000226
0000000227
0000000228
0000000229
0000000230
0000000231
0000000232
0000000233
0000000234
0000000235
0000000236
0000000237
0000000238
0000000239
0000000240
0000000241
0000000242
0000000243
0000000244
0000000245
0000000246
0000000247
0000000248
0000000249
0000000250
0000000251
0000000252
0000000253
0000000254
0000000255
0000000256
0000000257
0000000258
0000000259
0000000260
0000000261
0000000262
0000000263
0000000264
0000000265
0000000266
0000000267
0000000268
0000000269
0000000270
0000000271
0000000272
0000000273
0000000274
0000000275
0000000276
0000000277
0000000278
0000000279
0000000280
0000000281
0000000282
0000000283
0000000284
0000000285
0000000286
0000000287
0000000288
0000000289
0000000290
0000000291
0000000292
0000000293
0000000294
0000000295
0000000296
0000000297
0000000298
0000000299
0000000300
0000000301
0000000302
0000000303
0000000304
0000000305
0000000306
0000000307
0000000308
0000000309
0000000310
0000000311
0000000312
0000000313
0000000314
0000000315
0000000316
0000000317
0000000318
0000000319
0000000320
0000000321
0000000322
0000000323
0000000324
0000000325
0000000326
0000000327
0000000328
0000000329
0000000330
0000000331
0000000332
0000000333
0000000334
0000000335
0000000336
0000000337
0000000338
0000000339
0000000340
0000000341
0000000342
0000000343
0000000344
0000000345
0000000346
0000000347
0000000348
0000000349
0000000350
0000000351
0000000352
0000000353
0000000354
0000000355
0000000356
0000000357
0000000358
0000000359
0000000360
0000000361
0000000362
0000000363
0000000364
0000000365
0000000366
0000000367
0000000368
0000000369
0000000370
0000000371
0000000372
0000000373
0000000374
0000000375
0000000376
0000000377
0000000378
0000000379
0000000380
0000000381
0000000382
0000000383
0000000384
0000000385
0000000386
0000000387
0000000388
0000000389
0000000390
0000000391
0000000392
0000000393
0000000394
0000000395
0000000396
0000000397
0000000398
0000000399
0000000400
0000000401
0000000402
0000000403
0000000404
0000000405
0000000406
0000000407
0000000408
0000000409
0000000410
0000000411
0000000412
0000000413
0000000414
0000000415
0000000416
0000000417
0000000418
0000000419
0000000420
0000000421
0000000422
0000000423
0000000424
0000000425
0000000426
0000000427
0000000428
0000000429
0000000430
0000000431
0000000432
0000000433
0000000434
0000000435
0000000436
0000000437
0000000438
0000000439
0000000440
0000000441
0000000442
0000000443
0000000444
0000000445
0000000446
0000000447
0000000448
0000000449
0000000450
0000000451
0000000452
0000000453
0000000454
0000000455
0000000456
0000000457
0000000458
0000000459
0000000460
0000000461
0000000462
0000000463
0000000464
0000000465
0000000466
0000000467
0000000468
0000000469
0000000470
0000000471
0000000472
0000000473
0000000474
0000000475
0000000476
0000000477
0000000478
0000000479
0000000480
0000000481
0000000482
0000000483
0000000484
0000000485
0000000486
0000000487
0000000488
0000000489
0000000490
0000000491
0000000492
0000000493
0000000494
0000000495
0000000496
0000000497
0000000498
0000000499
0000000500
0000000501
0000000502
0000000503
0000000504
0000000505
0000000506
0000000507
0000000508
0000000509
0000000510
0000000511
0000000512
0000000513
0000000514
0000000515
0000000516
0000000517
0000000518
0000000519
0000000520
0000000521
0000000522
0000000523
0000000524
0000000525
0000000526
0000000527
0000000528
0000000529
0000000530
0000000531
0000000532
0000000533
0000000534
0000000535
0000000536
0000000537
0000000538
0000000539
0000000540
0000000541
0000000542
0000000543
0000000544
0000000545
0000000546
0000000547
0000000548
0000000549
0000000550
0000000551
0000000552
0000000553
0000000554
0000000555
0000000556
0000000557
0000000558
0000000559
0000000560
0000000561
0000000562
0000000563
0000000564
0000000565
0000000566
0000000567
0000000568
0000000569
0000000570
0000000571
0000000572
0000000573
0000000574
0000000575
0000000576
0000000577
0000000578
0000000579
0000000580
0000000581
0000000582
0000000583
0000000584
0000000585
0000000586
0000000587
0000000588
0000000589
0000000590
0000000591
0000000592
0000000593
0000000594
0000000595
0000000596
0000000597
0000000598
0000000599
0000000600
0000000601
0000000602
0000000603
0000000604
0000000605
0000000606
0000000607
0000000608
0000000609
0000000610
0000000611
0000000612
0000000613
0000000614
0000000615
0000000616
0000000617
0000000618
0000000619
0000000620
0000000621
0000000622
0000000623
0000000624
0000000625
0000000626
0000000627
0000000628
0000000629
0000000630
0000000631
0000000632
0000000633
0000000634
0000000635
0000000636
0000000637
0000000638
0000000639
0000000640
0000000641
0000000642
0000000643
0000000644
0000000645
0000000646
0000000647
0000000648
0000000649
0000000650
0000000651
0000000652
0000000653
0000000654
0000000655
0000000656
0000000657
0000000658
0000000659
0000000660
0000000661
0000000662
0000000663
0000000664
0000000665
0000000666
0000000667
0000000668
0000000669
0000000670
0000000671
0000000672
0000000673
0000000674
0000000675
0000000676
0000000677
0000000678
0000000679
0000000680
0000000681
0000000682
0000000683
0000000684
0000000685
0000000686
0000000687
0000000688
0000000689
0000000690
0000000691
0000000692
0000000693
0000000694
0000000695
0000000696
0000000697
0000000698
0000000699
0000000700
0000000701
0000000702
0000000703
0000000704
0000000705
0000000706
0000000707
0000000708
0000000709
0000000710
0000000711
0000000712
0000000713
0000000714
0000000715
0000000716
0000000717
0000000718
0000000719
0000000720
0000000721
0000000722
0000000723
0000000724
0000000725
0000000726
0000000727
0000000728
0000000729
0000000730
0000000731
0000000732
0000000733
0000000734
0000000735
0000000736
0000000737
0000000738
0000000739
0000000740
0000000741
0000000742
0000000743
0000000744
0000000745
0000000746
0000000747
0000000748
0000000749
0000000750
0000000751
0000000752
0000000753
0000000754
0000000755
0000000756
0000000757
0000000758
0000000759
0000000760
0000000761
0000000762
0000000763
0000000764
0000000765
0000000766
0000000767
0000000768
0000000769
0000000770
0000000771
0000000772
0000000773
0000000774
0000000775
0000000776
0000000777
0000000778
0000000779
0000000780
0000000781
0000000782
0000000783
0000000784
0000000785
0000000786
0000000787
0000000788
0000000789
0000000790
0000000791
0000000792
0000000793
0000000794
0000000795
0000000796
0000000797
0000000798
0000000799
0000000800
0000000801
0000000802
0000000803
0000000804
0000000805
0000000806
0000000807
0000000808
0000000809
0000000810
0000000811
0000000812
0000000813
0000000814
0000000815
0000000816
0000000817
0000000818
0000000819
0000000820
0000000821
0000000822
0000000823
0000000824
0000000825
0000000826
0000000827
0000000828
0000000829
0000000830
0000000831
0000000832
0000000833
0000000834
0000000835
0000000836
0000000837
0000000838
0000000839
0000000840
0000000841
0000000842
0000000843
0000000844
0000000845
0000000846
0000000847
0000000848
0000000849
0000000850
0000000851
0000000852
0000000853
0000000854
0000000855
0000000856
0000000857
0000000858
0000000859
0000000860
0000000861
0000000862
0000000863
0000000864
0000000865
0000000866
0000000867
0000000868
0000000869
0000000870
0000000871
0000000872
0000000873
0000000874
0000000875
0000000876
0000000877
0000000878
0000000879
0000000880
0000000881
0000000882
0000000883
0000000884
0000000885
0000000886
0000000887
0000000888
0000000889
0000000890
0000000891
0000000892
0000000893
0000000894
0000000895
0000000896
0000000897
0000000898
0000000899
0000000900
0000000901
0000000902
0000000903
0000000904
0000000905
0000000906
0000000907
0000000908
0000000909
0000000910
0000000911
0000000912
0000000913
0000000914
0000000915
0000000916
0000000917
0000000918
0000000919
0000000920
0000000921
0000000922
0000000923
0000000924
0000000925
0000000926
0000000927
0000000928
0000000929
0000000930
0000000931
0000000932
0000000933
0000000934
0000000935
0000000936
0000000937
0000000938
0000000939
0000000940
0000000941
0000000942
0000000943
0000000944
0000000945
0000000946
0000000947
0000000948
0000000949
0000000950
0000000951
0000000952
0000000953
0000000954
0000000955
0000000956
0000000957
0000000958
0000000959
0000000960
0000000961
0000000962
0000000963
0000000964
0000000965
0000000966
0000000967
0000000968
0000000969
0000000970
0000000971
0000000972
0000000973
0000000974
0000000975
0000000976
0000000977
0000000978
0000000979
0000000980
0000000981
0000000982
0000000983
0000000984
0000000985
0000000986
0000000987
0000000988
0000000989
0000000990
0000000991
0000000992
0000000993
0000000994
0000000995
0000000996
0000000997
0000000998
0000000999
0000001000
0000001001
0000001002
0000001003
0000001004
0000001005
0000001006
0000001007
0000001008
0000001009
0000001010
0000001011
0000001012
0000001013
0000001014
0000001015
0000001016
0000001017
0000001018
0000001019
0000001020
0000001021
0000001022
0000001023
0000001024
0000001025
0000001026
0000001027
0000001028
0000001029
0000001030
0000001031
0000001032
0000001033
0000001034
0000001035
0000001036
0000001037
0000001038
0000001039
0000001040
0000001041
0000001042
0000001043
0000001044
0000001045
0000001046
0000001047
0000001048
0000001049
0000001050
0000001051
0000001052
0000001053
0000001054
0000001055
0000001056
0000001057
0000001058
0000001059
0000001060
0000001061
0000001062
0000001063
0000001064
0000001065
0000001066
0000001067
0000001068
0000001069
0000001070
0000001071
0000001072
0000001073
0000001074
0000001075
0000001076
0000001077
0000001078
0000001079
0000001080
0000001081
0000001082
0000001083
0000001084
0000001085
0000001086
0000001087
0000001088
0000001089
0000001090
0000001091
0000001092
0000001093
0000001094
0000001095
0000001096
0000001097
0000001098
0000001099
0000001100
0000001101
0000001102
0000001103
0000001104
0000001105
0000001106
0000001107
0000001108
0000001109
0000001110
0000001111
0000001112
0000001113
0000001114
0000001115
0000001116
0000001117
0000001118
0000001119
0000001120
0000001121
0000001122
0000001123
0000001124
0000001125
0000001126
0000001127
0000001128
0000001129
0000001130
0000001131
0000001132
0000001133
0000001134
0000001135
0000001136
0000001137
0000001138
0000001139
0000001140
0000001141
0000001142
0000001143
0000001144
0000001145
0000001146
0000001147
0000001148
0000001149
0000001150
0000001151
0000001152
0000001153
0000001154
0000001155
0000001156
0000001157
0000001158
0000001159
0000001160
0000001161
0000001162
0000001163
0000001164
0000001165
0000001166
0000001167
0000001168
0000001169
0000001170
0000001171
0000001172
0000001173
0000001174
0000001175
0000001176
0000001177
0000001178
0000001179
0000001180
0000001181
0000001182
0000001183
0000001184
0000001185
0000001186
0000001187
0000001188
0000001189
0000001190
0000001191
0000001192
0000001193
0000001194
0000001195
0000001196
0000001197
0000001198
0000001199
0000001200
0000001201
0000001202
0000001203
0000001204
0000001205
0000001206
0000001207
0000001208
0000001209
0000001210
0000001211
0000001212
0000001213
0000001214
0000001215
0000001216
0000001217
0000001218
0000001219
0000001220
0000001221
0000001222
0000001223
0000001224
0000001225
0000001226
0000001227
0000001228
0000001229
0000001230
0000001231
0000001232
0000001233
0000001234
0000001235
0000001236
0000001237
0000001238
0000001239
0000001240
0000001241
0000001242
0000001243
0000001244
0000001245
0000001246
0000001247
0000001248
0000001249
0000001250
0000001251
0000001252
0000001253
0000001254
0000001255
0000001256
0000001257
0000001258
0000001259
0000001260
0000001261
0000001262
0000001263
0000001264
0000001265
0000001266
0000001267
0000001268
0000001269
0000001270
0000001271
0000001272
0000001273
0000001274
0000001275
0000001276
0000001277
0000001278
0000001279
0000001280
0000001281
0000001282
0000001283
0000001284
0000001285
0000001286
0000001287
0000001288
0000001289
0000001290
0000001291
0000001292
0000001293
0000001294
0000001295
0000001296
0000001297
0000001298
0000001299
0000001300
0000001301
0000001302
0000001303
0000001304
0000001305
0000001306
0000001307
0000001308
0000001309
0000001310
0000001311
0000001312
0000001313
0000001314
0000001315
0000001316
0000001317
0000001318
0000001319
0000001320
0000001321
0000001322
0000001323
0000001324
0000001325
0000001326
0000001327
0000001328
0000001329
0000001330
0000001331
0000001332
0000001333
0000001334
0000001335
0000001336
0000001337
0000001338
0000001339
0000001340
0000001341
0000001342
0000001343
0000001344
0000001345
0000001346
0000001347
0000001348
0000001349
0000001350
0000001351
0000001352
0000001353
0000001354
0000001355
0000001356
0000001357
0000001358
0000001359
0000001360
0000001361
0000001362
0000001363
0000001364
0000001365
0000001366
0000001367
0000001368
0000001369
0000001370
0000001371
0000001372
0000001373
0000001374
0000001375
0000001376
0000001377
0000001378
0000001379
0000001380
0000001381
0000001382
0000001383
0000001384
0000001385
0000001386
0000001387
0000001388
0000001389
0000001390
0000001391
0000001392
0000001393
0000001394
0000001395
0000001396
0000001397
0000001398
0000001399
0000001400
0000001401
0000001402
0000001403
0000001404
0000001405
0000001406
0000001407
0000001408
0000001409
0000001410
0000001411
0000001412
0000001413
0000001414
0000001415
0000001416
0000001417
0000001418
0000001419
0000001420
0000001421
0000001422
0000001423
0000001424
0000001425
0000001426
0000001427
0000001428
0000001429
0000001430
0000001431
0000001432
0000001433
0000001434
0000001435
0000001436
0000001437
0000001438
0000001439
0000001440
0000001441
0000001442
0000001443
0000001444
0000001445
0000001446
0000001447
0000001448
0000001449
0000001450
0000001451
0000001452
0000001453
0000001454
0000001455
0000001456
0000001457
0000001458
0000001459
0000001460
0000001461
0000001462
0000001463
0000001464
0000001465
0000001466
0000001467
0000001468
0000001469
0000001470
0000001471
0000001472
0000001473
0000001474
0000001475
0000001476
0000001477
0000001478
0000001479
0000001480
0000001481
0000001482
0000001483
0000001484
0000001485
0000001486
0000001487
0000001488
0000001489
0000001490
0000001491
0000001492
0000001493
0000001494
0000001495
0000001496
0000001497
0000001498
0000001499
0000001500
0000001501
0000001502
0000001503
0000001504
0000001505
0000001506
0000001507
0000001508
0000001509
0000001510
0000001511
0000001512
0000001513
0000001514
0000001515
0000001516
0000001517
0000001518
0000001519
0000001520
0000001521
0000001522
0000001523
0000001524
0000001525
0000001526
0000001527
0000001528
0000001529
0000001530
0000001531
0000001532
0000001533
0000001534
0000001535
0000001536
0000001537
0000001538
0000001539
0000001540
0000001541
0000001542
0000001543
0000001544
0000001545
0000001546
0000001547
0000001548
0000001549
0000001550
0000001551
0000001552
0000001553
0000001554
0000001555
0000001556
0000001557
0000001558
0000001559
0000001560
0000001561
0000001562
0000001563
0000001564
0000001565
0000001566
0000001567
0000001568
0000001569
0000001570
0000001571
0000001572
0000001573
0000001574
0000001575
0000001576
0000001577
0000001578
0000001579
0000001580
0000001581
0000001582
0000001583
0000001584
0000001585
0000001586
0000001587
0000001588
0000001589
0000001590
0000001591
0000001592
0000001593
0000001594
0000001595
0000001596
0000001597
0000001598
0000001599
0000001600
0000001601
0000001602
0000001603
0000001604
0000001605
0000001606
0000001607
0000001608
0000001609
0000001610
0000001611
0000001612
0000001613
0000001614
0000001615
0000001616
0000001617
0000001618
0000001619
0000001620
0000001621
0000001622
0000001623
0000001624
0000001625
0000001626
0000001627
0000001628
0000001629
0000001630
0000001631
0000001632
0000001633
0000001634
0000001635
0000001636
0000001637
0000001638
0000001639
0000001640
0000001641
0000001642
0000001643
0000001644
0000001645
0000001646
0000001647
0000001648
0000001649
0000001650
0000001651
0000001652
0000001653
0000001654
0000001655
0000001656
0000001657
0000001658
0000001659
0000001660
0000001661
0000001662
0000001663
0000001664
0000001665
0000001666
0000001667
0000001668
0000001669
0000001670
0000001671
0000001672
0000001673
0000001674
0000001675
0000001676
0000001677
0000001678
0000001679
0000001680
0000001681
0000001682
0000001683
0000001684
0000001685
0000001686
0000001687
0000001688
0000001689
0000001690
0000001691
0000001692
0000001693
0000001694
0000001695
0000001696
0000001697
0000001698
0000001699
0000001700
0000001701
0000001702
0000001703
0000001704
0000001705
0000001706
0000001707
0000001708
0000001709
0000001710
0000001711
0000001712
0000001713
0000001714
0000001715
0000001716
0000001717
0000001718
0000001719
0000001720
0000001721
0000001722
0000001723
0000001724
0000001725
0000001726
0000001727
0000001728
0000001729
0000001730
0000001731
0000001732
0000001733
0000001734
0000001735
0000001736
0000001737
0000001738
0000001739
0000001740
0000001741
0000001742
0000001743
0000001744
0000001745
0000001746
0000001747
0000001748
0000001749
0000001750
0000001751
0000001752
0000001753
0000001754
0000001755
0000001756
0000001757
0000001758
0000001759
0000001760
0000001761
0000001762
0000001763
0000001764
0000001765
0000001766
0000001767
0000001768
0000001769
0000001770
0000001771
0000001772
0000001773
0000001774
0000001775
0000001776
0000001777
0000001778
0000001779
0000001780
0000001781
0000001782
0000001783
0000001784
0000001785
0000001786
0000001787
0000001788
0000001789
0000001790
0000001791
0000001792
0000001793
0000001794
0000001795
0000001796
0000001797
0000001798
0000001799
0000001800
0000001801
0000001802
0000001803
0000001804
0000001805
0000001806
0000001807
0000001808
0000001809
0000001810
0000001811
0000001812
0000001813
0000001814
0000001815
0000001816
0000001817
0000001818
0000001819
0000001820
0000001821
0000001822
0000001823
0000001824
0000001825
0000001826
0000001827
0000001828
0000001829
0000001830
0000001831
0000001832
0000001833
0000001834
0000001835
0000001836
0000001837
0000001838
0000001839
0000001840
0000001841
0000001842
0000001843
0000001844
0000001845
0000001846
0000001847
0000001848
0000001849
0000001850
0000001851
0000001852
0000001853
0000001854
0000001855
0000001856
0000001857
0000001858
0000001859
0000001860
0000001861
0000001862
0000001863
0000001864
0000001865
0000001866
0000001867
0000001868
0000001869
0000001870
0000001871
0000001872
0000001873
0000001874
0000001875
0000001876
0000001877
0000001878
0000001879
0000001880
0000001881
0000001882
0000001883
0000001884
0000001885
0000001886
0000001887
0000001888
0000001889
0000001890
0000001891
0000001892
0000001893
0000001894
0000001895
0000001896
0000001897
0000001898
0000001899
0000001900
0000001901
0000001902
0000001903
0000001904
0000001905
0000001906
0000001907
0000001908
0000001909
0000001910
0000001911
0000001912
0000001913
0000001914
0000001915
0000001916
0000001917
0000001918
0000001919
0000001920
0000001921
0000001922
0000001923
0000001924
0000001925
0000001926
0000001927
0000001928
0000001929
0000001930
0000001931
0000001932
0000001933
0000001934
0000001935
0000001936
0000001937
0000001938
0000001939
0000001940
0000001941
0000001942
0000001943
0000001944
0000001945
0000001946
0000001947
0000001948
0000001949
0000001950
0000001951
0000001952
0000001953
0000001954
0000001955
0000001956
0000001957
0000001958
0000001959
0000001960
0000001961
0000001962
0000001963
0000001964
0000001965
0000001966
0000001967
0000001968
0000001969
0000001970
0000001971
0000001972
0000001973
0000001974
0000001975
0000001976
0000001977
0000001978
0000001979
0000001980
0000001981
0000001982
0000001983
0000001984
0000001985
0000001986
0000001987
0000001988
0000001989
0000001990
0000001991
0000001992
0000001993
0000001994
0000001995
0000001996
0000001997
0000001998
0000001999
0000002000
0000002001
0000002002
0000002003
0000002004
0000002005
0000002006
0000002007
0000002008
0000002009
0000002010
0000002011
0000002012
0000002013
0000002014
0000002015
0000002016
0000002017
0000002018
0000002019
0000002020
0000002021
0000002022
0000002023
0000002024
0000002025
0000002026
0000002027
0000002028
0000002029
0000002030
0000002031
0000002032
0000002033
0000002034
0000002035
0000002036
0000002037
0000002038
0000002039
0000002040
0000002041
0000002042
0000002043
0000002044
0000002045
0000002046
0000002047
0000002048
0000002049
0000002050
0000002051
0000002052
0000002053
0000002054
0000002055
0000002056
0000002057
0000002058
0000002059
0000002060
0000002061
0000002062
0000002063
0000002064
0000002065
0000002066
0000002067
0000002068
0000002069
0000002070
0000002071
0000002072
0000002073
0000002074
0000002075
0000002076
0000002077
0000002078
0000002079
0000002080
0000002081
0000002082
0000002083
0000002084
0000002085
0000002086
0000002087
0000002088
0000002089
0000002090
0000002091
0000002092
0000002093
0000002094
0000002095
0000002096
0000002097
0000002098
0000002099
0000002100
0000002101
0000002102
0000002103
0000002104
0000002105
0000002106
0000002107
0000002108
0000002109
0000002110
0000002111
0000002112
0000002113
0000002114
0000002115
0000002116
0000002117
0000002118
0000002119
0000002120
0000002121
0000002122
0000002123
0000002124
0000002125
0000002126
0000002127
0000002128
0000002129
0000002130
0000002131
0000002132
0000002133
0000002134
0000002135
0000002136
0000002137
0000002138
0000002139
0000002140
0000002141
0000002142
0000002143
0000002144
0000002145
0000002146
0000002147
0000002148
0000002149
0000002150
0000002151
0000002152
0000002153
0000002154
0000002155
0000002156
0000002157
0000002158
0000002159
0000002160
0000002161
0000002162
0000002163
0000002164
0000002165
0000002166
0000002167
0000002168
0000002169
0000002170
0000002171
0000002172
0000002173
0000002174
0000002175
0000002176
0000002177
0000002178
0000002179
0000002180
0000002181
0000002182
0000002183
0000002184
0000002185
0000002186
0000002187
0000002188
0000002189
0000002190
0000002191
0000002192
0000002193
0000002194
0000002195
0000002196
0000002197
0000002198
0000002199
0000002200
0000002201
0000002202
0000002203
0000002204
0000002205
0000002206
0000002207
0000002208
0000002209
0000002210
0000002211
0000002212
0000002213
0000002214
0000002215
0000002216
0000002217
0000002218
0000002219
0000002220
0000002221
0000002222
0000002223
0000002224
0000002225
0000002226
0000002227
0000002228
0000002229
0000002230
0000002231
0000002232
0000002233
0000002234
0000002235
0000002236
0000002237
0000002238
0000002239
0000002240
0000002241
0000002242
0000002243
0000002244
0000002245
0000002246
0000002247
0000002248
0000002249
0000002250
0000002251
0000002252
0000002253
0000002254
0000002255
0000002256
0000002257
0000002258
0000002259
0000002260
0000002261
0000002262
0000002263
0000002264
0000002265
0000002266
0000002267
0000002268
0000002269
0000002270
0000002271
0000002272
0000002273
0000002274
0000002275
0000002276
0000002277
0000002278
0000002279
0000002280
0000002281
0000002282
0000002283
0000002284
0000002285
0000002286
0000002287
0000002288
0000002289
0000002290
0000002291
0000002292
0000002293
0000002294
0000002295
0000002296
0000002297
0000002298
0000002299
0000002300
0000002301
0000002302
0000002303
0000002304
0000002305
0000002306
0000002307
0000002308
0000002309
0000002310
0000002311
0000002312
0000002313
0000002314
0000002315
0000002316
0000002317
0000002318
0000002319
0000002320
0000002321
0000002322
0000002323
0000002324
0000002325
0000002326
0000002327
0000002328
0000002329
0000002330
0000002331
0000002332
0000002333
0000002334
0000002335
0000002336
0000002337
0000002338
0000002339
0000002340
0000002341
0000002342
0000002343
0000002344
0000002345
0000002346
0000002347
0000002348
0000002349
0000002350
0000002351
0000002352
0000002353
0000002354
0000002355
0000002356
0000002357
0000002358
0000002359
0000002360
0000002361
0000002362
0000002363
0000002364
0000002365
0000002366
0000002367
0000002368
0000002369
0000002370
0000002371
0000002372
0000002373
0000002374
0000002375
0000002376
0000002377
0000002378
0000002379
0000002380
0000002381
0000002382
0000002383
0000002384
0000002385
0000002386
0000002387
0000002388
0000002389
0000002390
0000002391
0000002392
0000002393
0000002394
0000002395
0000002396
0000002397
0000002398
0000002399
0000002400
0000002401
0000002402
0000002403
0000002404
0000002405
0000002406
0000002407
0000002408
0000002409
0000002410
0000002411
0000002412
0000002413
0000002414
0000002415
0000002416
0000002417
0000002418
0000002419
0000002420
0000002421
0000002422
0000002423
0000002424
0000002425
0000002426
0000002427
0000002428
0000002429
0000002430
0000002431
0000002432
0000002433
0000002434
0000002435
0000002436
0000002437
0000002438
0000002439
0000002440
0000002441
0000002442
0000002443
0000002444
0000002445
0000002446
0000002447
0000002448
0000002449
0000002450
0000002451
0000002452
0000002453
0000002454
0000002455
0000002456
0000002457
0000002458
0000002459
0000002460
0000002461
0000002462
0000002463
0000002464
0000002465
0000002466
0000002467
0000002468
0000002469
0000002470
0000002471
0000002472
0000002473
0000002474
0000002475
0000002476
0000002477
0000002478
0000002479
0000002480
0000002481
0000002482
0000002483
0000002484
0000002485
0000002486
0000002487
0000002488
0000002489
0000002490
0000002491
0000002492
0000002493
0000002494
0000002495
0000002496
0000002497
0000002498
0000002499
0000002500
0000002501
0000002502
0000002503
0000002504
0000002505
0000002506
0000002507
0000002508
0000002509
0000002510
0000002511
0000002512
0000002513
0000002514
0000002515
0000002516
0000002517
0000002518
0000002519
0000002520
0000002521
0000002522
0000002523
0000002524
0000002525
0000002526
0000002527
0000002528
0000002529
0000002530
0000002531
0000002532
0000002533
0000002534
0000002535
0000002536
0000002537
0000002538
0000002539
0000002540
0000002541
0000002542
0000002543
0000002544
0000002545
0000002546
0000002547
0000002548
0000002549
0000002550
0000002551
0000002552
0000002553
0000002554
0000002555
0000002556
0000002557
0000002558
0000002559
0000002560
0000002561
0000002562
0000002563
0000002564
0000002565
0000002566
0000002567
0000002568
0000002569
0000002570
0000002571
0000002572
0000002573
0000002574
0000002575
0000002576
0000002577
0000002578
0000002579
0000002580
0000002581
0000002582
0000002583
0000002584
0000002585
0000002586
0000002587
0000002588
0000002589
0000002590
0000002591
0000002592
0000002593
0000002594
0000002595
0000002596
0000002597
0000002598
0000002599
0000002600
0000002601
0000002602
0000002603
0000002604
0000002605
0000002606
0000002607
0000002608
0000002609
0000002610
0000002611
0000002612
0000002613
0000002614
0000002615
0000002616
0000002617
0000002618
0000002619
0000002620
0000002621
0000002622
0000002623
0000002624
0000002625
0000002626
0000002627
0000002628
0000002629
0000002630
0000002631
0000002632
0000002633
0000002634
0000002635
0000002636
0000002637
0000002638
0000002639
0000002640
0000002641
0000002642
0000002643
0000002644
0000002645
0000002646
0000002647
0000002648
0000002649
0000002650
0000002651
0000002652
0000002653
0000002654
0000002655
0000002656
0000002657
0000002658
0000002659
0000002660
0000002661
0000002662
0000002663
0000002664
0000002665
0000002666
0000002667
0000002668
0000002669
0000002670
0000002671
0000002672
0000002673
0000002674
0000002675
0000002676
0000002677
0000002678
0000002679
0000002680
0000002681
0000002682
0000002683
0000002684
0000002685
0000002686
0000002687
0000002688
0000002689
0000002690
0000002691
0000002692
0000002693
0000002694
0000002695
0000002696
0000002697
0000002698
0000002699
0000002700
0000002701
0000002702
0000002703
0000002704
0000002705
0000002706
0000002707
0000002708
0000002709
0000002710
0000002711
0000002712
0000002713
0000002714
0000002715
0000002716
0000002717
0000002718
0000002719
0000002720
0000002721
0000002722
0000002723
0000002724
0000002725
0000002726
0000002727
0000002728
0000002729
0000002730
0000002731
0000002732
0000002733
0000002734
0000002735
0000002736
0000002737
0000002738
0000002739
0000002740
0000002741
0000002742
0000002743
0000002744
0000002745
0000002746
0000002747
0000002748
0000002749
0000002750
0000002751
0000002752
0000002753
0000002754
0000002755
0000002756
0000002757
0000002758
0000002759
0000002760
0000002761
0000002762
0000002763
0000002764
0000002765
0000002766
0000002767
0000002768
0000002769
0000002770
0000002771
0000002772
0000002773
0000002774
0000002775
0000002776
0000002777
0000002778
0000002779
0000002780
0000002781
0000002782
0000002783
0000002784
0000002785
0000002786
0000002787
0000002788
0000002789
0000002790
0000002791
0000002792
0000002793
0000002794
0000002795
0000002796
0000002797
0000002798
0000002799
0000002800
0000002801
0000002802
0000002803
0000002804
0000002805
0000002806
0000002807
0000002808
0000002809
0000002810
0000002811
0000002812
0000002813
0000002814
0000002815
0000002816
0000002817
0000002818
0000002819
0000002820
0000002821
0000002822
0000002823
0000002824
0000002825
0000002826
0000002827
0000002828
0000002829
0000002830
0000002831
0000002832
0000002833
0000002834
0000002835
0000002836
0000002837
0000002838
0000002839
0000002840
0000002841
0000002842
0000002843
0000002844
0000002845
0000002846
0000002847
0000002848
0000002849
0000002850
0000002851
0000002852
0000002853
0000002854
0000002855
0000002856
0000002857
0000002858
0000002859
0000002860
0000002861
0000002862
0000002863
0000002864
0000002865
0000002866
0000002867
0000002868
0000002869
0000002870
0000002871
0000002872
0000002873
0000002874
0000002875
0000002876
0000002877
0000002878
0000002879
0000002880
0000002881
0000002882
0000002883
0000002884
0000002885
0000002886
0000002887
0000002888
0000002889
0000002890
0000002891
0000002892
0000002893
0000002894
0000002895
0000002896
0000002897
0000002898
0000002899
0000002900
0000002901
0000002902
0000002903
0000002904
0000002905
0000002906
0000002907
0000002908
0000002909
0000002910
0000002911
0000002912
0000002913
0000002914
0000002915
0000002916
0000002917
0000002918
0000002919
0000002920
0000002921
0000002922
0000002923
0000002924
0000002925
0000002926
0000002927
0000002928
0000002929
0000002930
0000002931
0000002932
0000002933
0000002934
0000002935
0000002936
0000002937
0000002938
0000002939
0000002940
0000002941
0000002942
0000002943
0000002944
0000002945
0000002946
0000002947
0000002948
0000002949
0000002950
0000002951
0000002952
0000002953
0000002954
0000002955
0000002956
0000002957
0000002958
0000002959
0000002960
0000002961
0000002962
0000002963
0000002964
0000002965
0000002966
0000002967
0000002968
0000002969
0000002970
0000002971
0000002972
0000002973
0000002974
0000002975
0000002976
0000002977
0000002978
0000002979
0000002980
0000002981
0000002982
0000002983
0000002984
0000002985
0000002986
0000002987
0000002988
0000002989
0000002990
0000002991
0000002992
0000002993
0000002994
0000002995
0000002996
0000002997
0000002998
0000002999
0000003000
0000003001
0000003002
0000003003
0000003004
0000003005
0000003006
0000003007
0000003008
0000003009
0000003010
0000003011
0000003012
0000003013
0000003014
0000003015
0000003016
0000003017
0000003018
0000003019
0000003020
0000003021
0000003022
0000003023
0000003024
0000003025
0000003026
0000003027
0000003028
0000003029
0000003030
0000003031
0000003032
0000003033
0000003034
0000003035
0000003036
0000003037
0000003038
0000003039
0000003040
0000003041
0000003042
0000003043
0000003044
0000003045
0000003046
0000003047
0000003048
0000003049
0000003050
0000003051
0000003052
0000003053
0000003054
0000003055
0000003056
0000003057
0000003058
0000003059
0000003060
0000003061
0000003062
0000003063
0000003064
0000003065
0000003066
0000003067
0000003068
0000003069
0000003070
0000003071
0000003072
0000003073
0000003074
0000003075
0000003076
0000003077
0000003078
0000003079
0000003080
0000003081
0000003082
0000003083
0000003084
0000003085
0000003086
0000003087
0000003088
0000003089
0000003090
0000003091
0000003092
0000003093
0000003094
0000003095
0000003096
0000003097
0000003098
0000003099
0000003100
0000003101
0000003102
0000003103
0000003104
0000003105
0000003106
0000003107
0000003108
0000003109
0000003110
0000003111
0000003112
0000003113
0000003114
0000003115
0000003116
0000003117
0000003118
0000003119
0000003120
0000003121
0000003122
0000003123
0000003124
0000003125
0000003126
0000003127
0000003128
0000003129
0000003130
0000003131
0000003132
0000003133
0000003134
0000003135
0000003136
0000003137
0000003138
0000003139
0000003140
0000003141
0000003142
0000003143
0000003144
0000003145
0000003146
0000003147
0000003148
0000003149
0000003150
0000003151
0000003152
0000003153
0000003154
0000003155
0000003156
0000003157
0000003158
0000003159
0000003160
0000003161
0000003162
0000003163
0000003164
0000003165
0000003166
0000003167
0000003168
0000003169
0000003170
0000003171
0000003172
0000003173
0000003174
0000003175
0000003176
0000003177
0000003178
0000003179
0000003180
0000003181
0000003182
0000003183
0000003184
0000003185
0000003186
0000003187
0000003188
0000003189
0000003190
0000003191
0000003192
0000003193
0000003194
0000003195
0000003196
0000003197
0000003198
0000003199
0000003200
0000003201
0000003202
0000003203
0000003204
0000003205
0000003206
0000003207
0000003208
0000003209
0000003210
0000003211
0000003212
0000003213
0000003214
0000003215
0000003216
0000003217
0000003218
0000003219
0000003220
0000003221
0000003222
0000003223
0000003224
0000003225
0000003226
0000003227
0000003228
0000003229
0000003230
0000003231
0000003232
0000003233
0000003234
0000003235
0000003236
0000003237
0000003238
0000003239
0000003240
0000003241
0000003242
0000003243
0000003244
0000003245
0000003246
0000003247
0000003248
0000003249
0000003250
0000003251
0000003252
0000003253
0000003254
0000003255
0000003256
0000003257
0000003258
0000003259
0000003260
0000003261
0000003262
0000003263
0000003264
0000003265
0000003266
0000003267
0000003268
0000003269
0000003270
0000003271
0000003272
0000003273
0000003274
0000003275
0000003276
0000003277
0000003278
0000003279
0000003280
0000003281
0000003282
0000003283
0000003284
0000003285
0000003286
0000003287
0000003288
0000003289
0000003290
0000003291
0000003292
0000003293
0000003294
0000003295
0000003296
0000003297
0000003298
0000003299
0000003300
0000003301
0000003302
0000003303
0000003304
0000003305
0000003306
0000003307
0000003308
0000003309
0000003310
0000003311
0000003312
0000003313
0000003314
0000003315
0000003316
0000003317
0000003318
0000003319
0000003320
0000003321
0000003322
0000003323
0000003324
0000003325
0000003326
0000003327
0000003328
0000003329
0000003330
0000003331
0000003332
0000003333
0000003334
0000003335
0000003336
0000003337
0000003338
0000003339
0000003340
0000003341
0000003342
0000003343
0000003344
0000003345
0000003346
0000003347
0000003348
0000003349
0000003350
0000003351
0000003352
0000003353
0000003354
0000003355
0000003356
0000003357
0000003358
0000003359
0000003360
0000003361
0000003362
0000003363
0000003364
0000003365
0000003366
0000003367
0000003368
0000003369
0000003370
0000003371
0000003372
0000003373
0000003374
0000003375
0000003376
0000003377
0000003378
0000003379
0000003380
0000003381
0000003382
0000003383
0000003384
0000003385
0000003386
0000003387
0000003388
0000003389
0000003390
0000003391
0000003392
0000003393
0000003394
0000003395
0000003396
0000003397
0000003398
0000003399
0000003400
0000003401
0000003402
0000003403
0000003404
0000003405
0000003406
0000003407
0000003408
0000003409
0000003410
0000003411
0000003412
0000003413
0000003414
0000003415
0000003416
0000003417
0000003418
0000003419
0000003420
0000003421
0000003422
0000003423
0000003424
0000003425
0000003426
0000003427
0000003428
0000003429
0000003430
0000003431
0000003432
0000003433
0000003434
0000003435
0000003436
0000003437
0000003438
0000003439
0000003440
0000003441
0000003442
0000003443
0000003444
0000003445
0000003446
0000003447
0000003448
0000003449
0000003450
0000003451
0000003452
0000003453
0000003454
0000003455
0000003456
0000003457
0000003458
0000003459
0000003460
0000003461
0000003462
0000003463
0000003464
0000003465
0000003466
0000003467
0000003468
0000003469
0000003470
0000003471
0000003472
0000003473
0000003474
0000003475
0000003476
0000003477
0000003478
0000003479
0000003480
0000003481
0000003482
0000003483
0000003484
0000003485
0000003486
0000003487
0000003488
0000003489
0000003490
0000003491
0000003492
0000003493
0000003494
0000003495
0000003496
0000003497
0000003498
0000003499
0000003500
0000003501
0000003502
0000003503
0000003504
0000003505
0000003506
0000003507
0000003508
0000003509
0000003510
0000003511
0000003512
0000003513
0000003514
0000003515
0000003516
0000003517
0000003518
0000003519
0000003520
0000003521
0000003522
0000003523
0000003524
0000003525
0000003526
0000003527
0000003528
0000003529
0000003530
0000003531
0000003532
0000003533
0000003534
0000003535
0000003536
0000003537
0000003538
0000003539
0000003540
0000003541
0000003542
0000003543
0000003544
0000003545
0000003546
0000003547
0000003548
0000003549
0000003550
0000003551
0000003552
0000003553
0000003554
0000003555
0000003556
0000003557
0000003558
0000003559
0000003560
0000003561
0000003562
0000003563
0000003564
0000003565
0000003566
0000003567
0000003568
0000003569
0000003570
0000003571
0000003572
0000003573
0000003574
0000003575
0000003576
0000003577
0000003578
0000003579
0000003580
0000003581
0000003582
0000003583
0000003584
0000003585
0000003586
0000003587
0000003588
0000003589
0000003590
0000003591
0000003592
0000003593
0000003594
0000003595
0000003596
0000003597
0000003598
0000003599
0000003600
0000003601
0000003602
0000003603
0000003604
0000003605
0000003606
0000003607
0000003608
0000003609
0000003610
0000003611
0000003612
0000003613
0000003614
0000003615
0000003616
0000003617
0000003618
0000003619
0000003620
0000003621
0000003622
0000003623
0000003624
0000003625
0000003626
0000003627
0000003628
0000003629
0000003630
0000003631
0000003632
0000003633
0000003634
0000003635
0000003636
0000003637
0000003638
0000003639
0000003640
0000003641
0000003642
0000003643
0000003644
0000003645
0000003646
0000003647
0000003648
0000003649
0000003650
0000003651
0000003652
0000003653
0000003654
0000003655
0000003656
0000003657
0000003658
0000003659
0000003660
0000003661
0000003662
0000003663
0000003664
0000003665
0000003666
0000003667
0000003668
0000003669
0000003670
0000003671
0000003672
0000003673
0000003674
0000003675
0000003676
0000003677
0000003678
0000003679
0000003680
0000003681
0000003682
0000003683
0000003684
0000003685
0000003686
0000003687
0000003688
0000003689
0000003690
0000003691
0000003692
0000003693
0000003694
0000003695
0000003696
0000003697
0000003698
0000003699
0000003700
0000003701
0000003702
0000003703
0000003704
0000003705
0000003706
0000003707
0000003708
0000003709
0000003710
0000003711
0000003712
0000003713
0000003714
0000003715
0000003716
0000003717
0000003718
0000003719
0000003720
0000003721
0000003722
0000003723
0000003724
0000003725
0000003726
0000003727
0000003728
0000003729
0000003730
0000003731
0000003732
0000003733
0000003734
0000003735
0000003736
0000003737
0000003738
0000003739
0000003740
0000003741
0000003742
0000003743
0000003744
0000003745
0000003746
0000003747
0000003748
0000003749
0000003750
0000003751
0000003752
0000003753
0000003754
0000003755
0000003756
0000003757
0000003758
0000003759
0000003760
0000003761
0000003762
0000003763
0000003764
0000003765
0000003766
0000003767
0000003768
0000003769
0000003770
0000003771
0000003772
0000003773
0000003774
0000003775
0000003776
0000003777
0000003778
0000003779
0000003780
0000003781
0000003782
0000003783
0000003784
0000003785
0000003786
0000003787
0000003788
0000003789
0000003790
0000003791
0000003792
0000003793
0000003794
0000003795
0000003796
0000003797
0000003798
0000003799
0000003800
0000003801
0000003802
0000003803
0000003804
0000003805
0000003806
0000003807
0000003808
0000003809
0000003810
0000003811
0000003812
0000003813
0000003814
0000003815
0000003816
0000003817
0000003818
0000003819
0000003820
0000003821
0000003822
0000003823
0000003824
0000003825
0000003826
0000003827
0000003828
0000003829
0000003830
0000003831
0000003832
0000003833
0000003834
0000003835
0000003836
0000003837
0000003838
0000003839
0000003840
0000003841
0000003842
0000003843
0000003844
0000003845
0000003846
0000003847
0000003848
0000003849
0000003850
0000003851
0000003852
0000003853
0000003854
0000003855
0000003856
0000003857
0000003858
0000003859
0000003860
0000003861
0000003862
0000003863
0000003864
0000003865
0000003866
0000003867
0000003868
0000003869
0000003870
0000003871
0000003872
0000003873
0000003874
0000003875
0000003876
0000003877
0000003878
0000003879
0000003880
0000003881
0000003882
0000003883
0000003884
0000003885
0000003886
0000003887
0000003888
0000003889
0000003890
0000003891
0000003892
0000003893
0000003894
0000003895
0000003896
0000003897
0000003898
0000003899
0000003900
0000003901
0000003902
0000003903
0000003904
0000003905
0000003906
0000003907
0000003908
0000003909
0000003910
0000003911
0000003912
0000003913
0000003914
0000003915
0000003916
0000003917
0000003918
0000003919
0000003920
0000003921
0000003922
0000003923
0000003924
0000003925
0000003926
0000003927
0000003928
0000003929
0000003930
0000003931
0000003932
0000003933
0000003934
0000003935
0000003936
0000003937
0000003938
0000003939
0000003940
0000003941
0000003942
0000003943
0000003944
0000003945
0000003946
0000003947
0000003948
0000003949
0000003950
0000003951
0000003952
0000003953
0000003954
0000003955
0000003956
0000003957
0000003958
0000003959
0000003960
0000003961
0000003962
0000003963
0000003964
0000003965
0000003966
0000003967
0000003968
0000003969
0000003970
0000003971
0000003972
0000003973
0000003974
0000003975
0000003976
0000003977
0000003978
0000003979
0000003980
0000003981
0000003982
0000003983
0000003984
0000003985
0000003986
0000003987
0000003988
0000003989
0000003990
0000003991
0000003992
0000003993
0000003994
0000003995
0000003996
0000003997
0000003998
0000003999
0000004000
0000004001
0000004002
0000004003
0000004004
0000004005
0000004006
0000004007
0000004008
0000004009
0000004010
0000004011
0000004012
0000004013
0000004014
0000004015
0000004016
0000004017
0000004018
0000004019
0000004020
0000004021
0000004022
0000004023
0000004024
0000004025
0000004026
0000004027
0000004028
0000004029
0000004030
0000004031
0000004032
0000004033
0000004034
0000004035
0000004036
0000004037
0000004038
0000004039
0000004040
0000004041
0000004042
0000004043
0000004044
0000004045
0000004046
0000004047
0000004048
0000004049
0000004050
0000004051
0000004052
0000004053
0000004054
0000004055
0000004056
0000004057
0000004058
0000004059
0000004060
0000004061
0000004062
0000004063
0000004064
0000004065
0000004066
0000004067
0000004068
0000004069
0000004070
0000004071
0000004072
0000004073
0000004074
0000004075
0000004076
0000004077
0000004078
0000004079
0000004080
0000004081
0000004082
0000004083
0000004084
0000004085
0000004086
0000004087
0000004088
0000004089
0000004090
0000004091
0000004092
0000004093
0000004094
0000004095
0000004096
0000004097
0000004098
0000004099
0000004100
0000004101
0000004102
0000004103
0000004104
0000004105
0000004106
0000004107
0000004108
0000004109
0000004110
0000004111
0000004112
0000004113
0000004114
0000004115
0000004116
0000004117
0000004118
0000004119
0000004120
0000004121
0000004122
0000004123
0000004124
0000004125
0000004126
0000004127
0000004128
0000004129
0000004130
0000004131
0000004132
0000004133
0000004134
0000004135
0000004136
0000004137
0000004138
0000004139
0000004140
0000004141
0000004142
0000004143
0000004144
0000004145
0000004146
0000004147
0000004148
0000004149
0000004150
0000004151
0000004152
0000004153
0000004154
0000004155
0000004156
0000004157
0000004158
0000004159
0000004160
0000004161
0000004162
0000004163
0000004164
0000004165
0000004166
0000004167
